# Created by Octave 3.8.1, Thu Sep 10 06:26:16 2015 IST <shivin@shivin>
# name: A
# type: scalar
1


# name: ConvergenceCurve
# type: matrix
# rows: 1
# columns: 1500
 0 0 0 0 0 0 0 0 0 0 0 0 0 0 0 0 0 0 0 0 0 0 0 0 0 0 0 0 19349 19349 19349 19349 19349 19349 19349 19349 19349 19349 19349 21284 21284 21284 21284 21284 21284 21284 21284 21284 21284 21284 21284 21284 21284 21284 21284 21284 21284 21284 21284 21284 21284 21284 21284 21284 21284 21284 21284 21284 21284 21284 21284 21284 21284 21284 21284 21284 21284 21284 21284 21284 21284 21284 21284 21284 21284 21284 21284 21284 21284 21284 21284 21284 21284 21284 21284 21284 21284 21284 21284 21284 21284 21284 21284 21284 21284 21284 21284 21284 21284 21284 21284 21284 21284 21284 21284 21284 21284 21284 21284 21284 21284 21284 21284 21284 21284 21284 21284 21284 21284 21284 21284 21284 21284 21284 21284 21284 21284 21284 21284 21284 21284 21284 21284 21284 21284 21284 21284 21284 21284 21284 21284 21284 21284 21284 21284 21284 21284 21284 21284 21284 21284 21284 21284 21284 21284 21284 21284 21284 21284 21284 21284 21284 21284 21284 21284 21284 21284 21284 21284 21284 21284 21284 21284 21284 21284 21284 21284 21284 21284 21284 21284 21284 21284 21284 21284 21284 21284 21284 21284 21284 21284 21284 21284 21284 21284 21284 21284 21284 21284 21284 21284 21284 21284 21284 21284 21284 21284 21284 21284 21284 21284 21284 21284 21284 21284 21284 21284 21284 21284 21284 21284 21284 21284 21284 21284 21284 21284 21284 21284 21284 21284 21284 21284 21284 21284 21284 21284 21284 21284 21284 21284 21284 21284 21284 21284 21284 21284 21284 21284 21284 21284 21284 21284 21284 21284 21284 21284 21284 21284 21284 21284 21284 21284 21284 21284 21284 21284 21284 21284 21284 21284 21284 21284 21284 21284 21284 21284 21284 21284 21284 21284 21284 21284 21284 21284 21284 21284 21284 21284 21284 21284 21284 21284 21284 21284 21284 21284 21284 21284 21284 21284 21284 21284 21284 21284 21284 21284 21284 21284 21284 21284 21284 21284 21284 21284 21284 21284 21284 21284 21284 21284 21284 21284 21284 21284 21284 21284 21284 21284 21284 21284 21284 21284 21284 21284 21284 21284 21284 21284 21284 21284 21284 21284 21284 21284 21284 21284 21284 21284 21284 21284 21284 21284 21284 21284 21284 21284 21284 21284 21284 21284 21284 21284 21284 21284 21284 21284 21284 21284 21284 21284 21284 21284 21284 21284 21284 21284 21284 21284 21284 21284 21284 21284 21284 21284 21284 21284 21284 21284 21284 21284 21284 21284 21284 21284 21284 21284 21284 21284 21284 21284 21284 21284 21284 21284 21284 21284 21284 21284 21284 21284 21284 21284 21284 21284 21284 21284 21284 21284 21284 21284 21284 21284 21284 21284 21284 21284 21284 21284 21284 21284 21284 21284 21284 21284 21284 21284 21284 21284 21284 21284 21284 21284 21284 21284 21284 21284 21284 21284 21284 21284 21284 21284 21284 21284 21284 21284 21284 21284 21284 21284 21284 21284 21284 21284 21284 21284 21284 21284 21284 21284 21284 21284 21284 21284 21284 21284 21284 21284 21284 21284 21284 21284 21284 21284 21284 21284 21284 21284 21284 21284 21284 21284 21284 21284 21284 21284 21284 21284 21284 21284 21284 21284 21284 21284 21284 21284 21284 21284 21284 21284 21284 21284 21284 21284 21284 21284 21284 21284 21284 21284 21284 21284 21284 21284 21284 21284 21284 21284 21284 21284 21284 21284 21284 21284 21284 21284 21284 21284 21284 21284 21284 21284 21284 21284 21284 21284 21284 21284 21284 21284 21284 21284 21284 21284 21284 21284 21284 21284 21284 21284 21284 21284 21284 21284 21284 21284 21284 21284 21284 21284 21284 21284 21284 21284 21284 21284 21284 21284 21284 21284 21284 21284 21284 21284 21284 21284 21284 21284 21284 21284 21284 21284 21284 21284 21284 21284 21284 21284 21284 21284 21284 21284 21284 21284 21284 21284 21284 21284 21284 21284 21284 21284 21284 21284 21284 21284 21284 21284 21284 21284 21284 21284 21284 21284 21284 21284 21284 21284 21284 21284 21284 21284 21284 21284 21284 21284 21284 21284 21284 21284 21284 21284 21284 21284 21284 21284 21284 21284 21284 21284 21284 21284 21284 21284 21284 21284 21284 21284 21284 21284 21284 21284 21284 21284 21284 21284 21284 21284 21284 21284 21673 21673 21673 21673 21673 21673 21673 21673 21673 21673 21673 21673 21673 21673 21673 21673 21673 21673 21673 21673 21673 21673 21673 21673 21673 21673 21673 21673 21673 21673 21673 21673 21673 21673 21673 21673 21673 21673 21673 21673 21673 21673 21673 21673 21673 21673 21673 21673 21673 21673 21673 21673 21673 21673 21673 21673 21673 21673 21673 21673 21673 21673 21673 21673 21673 21673 21673 21673 21673 21673 21673 21673 21673 21673 21673 21673 21673 21673 21673 21673 21673 21673 21673 21673 21673 21673 21673 21673 21673 21673 21673 21673 21673 21673 21673 21673 21673 21673 21673 21673 21673 21673 21673 21673 21673 21673 21673 21673 21673 21673 21673 21673 21673 21673 21673 21673 21673 21673 21673 21673 21673 21673 21673 21673 21673 21673 21673 21673 21673 21673 21673 21673 21673 21673 21673 21673 21673 21673 21673 21673 21673 21673 21673 21673 21673 21673 21673 21673 21673 21673 21673 21673 21673 21673 21673 21673 21673 21673 21673 21673 21673 21673 21673 21673 21673 21673 21673 21673 21673 21673 21673 21673 21673 21673 21673 21673 21673 21673 21673 21673 21673 21673 21673 21673 21673 21673 21673 21673 21673 21673 21673 21673 21673 21673 21673 21673 21673 21673 21673 21673 21673 21673 21673 21673 21673 21673 21673 21673 21673 21673 21673 21673 21673 21673 21673 21673 21673 21673 21673 21673 21673 21673 21673 21673 21673 21673 21673 21673 21673 21673 21673 21673 21673 21673 21673 21673 21673 21673 21673 21673 21673 21673 21673 21673 21673 21673 21673 21673 21673 21673 21673 21673 21673 21673 21673 21673 21673 21673 21673 21673 21673 21673 21673 21673 21673 21673 21673 21673 21673 21673 21673 21673 21673 21673 21673 21673 21673 21673 21673 21673 21673 21673 21673 21673 21673 21673 21673 21673 21673 21673 21673 21673 21673 21673 21673 21673 21673 21673 21673 21673 21673 21673 21673 21673 21673 21673 21673 21673 21673 21673 21673 21673 21673 21673 21673 21673 21673 21673 21673 21673 21673 21673 21673 21673 21673 21673 21673 21673 21673 21673 21673 21673 21673 21673 21673 21673 21673 21673 21673 21673 21673 21673 21673 21673 21673 21673 21673 21673 21673 21673 21673 21673 21673 21673 21673 21673 21673 21673 21673 21673 21673 21673 21673 21673 21673 21673 21673 21673 21673 21673 21673 21673 21673 21673 21673 21673 21673 21673 21673 21673 21673 21673 21673 21673 21673 21673 21673 21673 21673 21673 21673 21673 21673 21673 21673 21673 21673 21673 21673 21673 21673 21673 21673 21673 21673 21673 21673 21673 21673 21673 21673 21673 21673 21673 21673 21673 21673 21673 21673 21673 21673 21673 21673 21673 21673 21673 21673 21673 21673 21673 21673 21673 21673 21673 21673 21673 21673 21673 21673 21673 21673 21673 21673 21673 21673 21673 21673 21673 21673 21673 21673 21673 21673 21673 21673 21673 21673 21673 21673 21673 21673 21673 21673 21673 21673 21673 21673 21673 21673 21673 21673 21673 21673 21673 21673 21673 21673 21673 21673 21673 21673 21673 21673 21673 21673 21673 21673 21673 21673 21673 21673 21673 21673 21673 21673 21673 21673 21673 21673 21673 21673 21673 21673 21673 21673 21673 21673 21673 21673 21673 21673 21673 21673 21673 21673 21673 21673 21673 21673 21673 21673 21673 21673 21673 21673 21673 21673 21673 21673 21673 21673 21673 21673 21673 21673 21673 21673 21673 21673 21673 21673 21673 21673 21673 21673 21673 21673 21673 21673 21673 21673 21673 21673 21673 21673 21673 21673 21673 21673 21673 21673 21673 21673 21673 21673 21673 21673 21673 21673 21673 21673 21673 21673 21673 21673 21673 21673 21673 21673 21673 21673 21673 21673 21673 21673 21673 21673 21673 21673 21673 21673 21673 21673 21673 21673 21673 21673 21673 21673 21673 21673 21673 21673 21673 21673 21673 21673 21673 21673 21673 21673 21673 21673 21673 21673 21673 21673 21673 21673 21673 21673 21673 21673 21673 21673 21673 21673 21673 21673 21673 21673 21673 21673 21673 21673 21673 21673 21673 21673 21673 21673 21673 21673 21673 21673 21673 21673 21673 21673 21673 21673 21673 21673 21673 21673 21673 21673 21673 21673 21673 21673 21673 21673 21673 21673 21673 21673 21673 21673 21673 21673 21673 21673 21673 21673 21673 21673 21673 21673 21673 21673 21673 21673 21673 21673 21673 21673 21673 21673 21673 21673 21673 21673 21673 21673 21673 21673 21673 21673 21673 21673 21673 21673 21673 21673 21673 21673 21673 21673 21673 21673 21673 21673 21673 21673 21673 21673 21673 21673 21673 21673 21673 21673 21673 21673 21673 21673 21673 21673 21673 21673 21673 21673 21673 21673 21673 21673 21673 21673 21673 21673 21673 21673 21673 21673 21673 21673 21673 21673 21673 21673 21673 21673 21673 21673 21673 21673 21673 21673 21673 21673 21673 21673 21673 21673 21673 21673 21673 21673 21673 21673 21673 21673 21673 21673 21673 21673 21673 21673 21673 21673 21673 21673 21673 21673 21673 21673 21673 21673 21673 21673 21673 21673 21673 21673 21673 21673 21673 21673 21673 21673 21673 21673 21673 21673 21673 21673 21673 21673 21673 21673 21673 21673 21673 21673 21673 21673 21673 21673


# name: CostFunction
# type: function handle
@<anonymous>
@(x) MyCost (x)


# name: Max_iteration
# type: scalar
1500


# name: dat
# type: matrix
# rows: 45
# columns: 2
 1945 4990
 321 1142
 2945 7390
 4136 10372
 1107 3114
 1022 2744
 1101 3102
 2890 7280
 47019 112738
 1530 3960
 3432 8564
 2165 5630
 1703 4506
 1106 3112
 370 1240
 657 2014
 962 2624
 1060 3020
 805 2310
 689 2078
 1513 3926
 3878 9656
 13504 32708
 1865 4830
 667 2034
 1833 4766
 16553 40006
 1261 3422
 2593 6686
 1170 3240
 794 2288
 671 2042
 7421 18142
 6009 14718
 1767 4634
 2622 6744
 831 2362
 701 2102
 5222 12944
 3086 7872
 900 2500
 3121 7942
 1029 2958
 52555 126010
 389 1278


# name: ess
# type: matrix
# rows: 1
# columns: 2
 45 58181


# name: gBest
# type: matrix
# rows: 1
# columns: 45
 1 0 1 0 0 0 1 0 0 0 0 1 0 0 0 1 0 1 1 1 0 1 0 1 1 0 0 1 0 1 1 1 0 0 0 0 0 0 0 0 0 0 0 0 0


# name: gBestScore
# type: scalar
21673


# name: noP
# type: scalar
50


# name: r
# type: scalar
0.9


